2
0
0
0
0
64
66
1
2
2
1
17
19
33
19
17
25
17
18
11
10
7
3
2
3
1
0
192
99
55
30
63
120
0
48
33
64
97
48
25
17
149
153
217
152
204
153
209
181
178
242
89
204
181
91
237
221
247
223
231
59
255
62
12
248
32
16
24
140
5
133
132
66
203
145
145
213
101
101
67
83
42
173
173
155
191
110
221
182
254
252
241
255
239
95
63
24
0
0
0
0
0
128
132
68
128
64
80
136
32
64
128
144
144
32
128
80
96
64
64
192
128
128
56
192
216
240
254
248
32
32
33
33
32
127
27
33
27
32
33
127
27
32
28
33
32
32
27
32
33
32
33
27
32
120
121
121
120
120
121
120
32
127
32
27
32
32
127
27
127
33
27
32
32
33
127
32
27
32
33
33
32
27
32
33
33
121
120
120
121
121
120
121