2
0
0
0
0
0
0
1
3
7
15
14
28
28
56
49
50
48
48
112
114
100
100
96
240
159
131
254
131
215
108
56
63
0
0
0
15
63
248
224
132
8
16
0
0
0
128
0
0
0
0
0
0
0
0
0
0
1
131
201
195
129
0
0
255
0
0
0
224
240
60
31
7
1
3
3
3
1
1
0
216
0
0
0
0
0
3
0
0
192
248
168
112
248
0
0
255
0
0
0
0
0
0
0
128
192
240
255
64
240
252
12
14
6
6
6
6
3
99
3
3
3
3
3
7
14
28
28
248
93
93
93
90
89
104
106
104
105
89
90
98
97
104
89
105
90
97
106
105
89
104
97
104
89
5
5
5
97
106
90
104
97
97
97
97
104
97
105
98
97
98
121
3
4
97
98
104
97
98
97
106
97
104
97
88
105
97
98
89
105
89
98
89