2
126
255
189
219
255
203
231
126
24
12
6
3
0
0
0
64
112
112
56
12
62
54
114
99
65
1
0
0
0
0
0
0
0
1
129
129
129
129
1
0
0
65
66
66
199
60
34
65
129
0
0
0
34
65
144
8
8
190
227
36
68
130
0
0
255
255
189
219
255
231
203
255
12
24
48
96
224
120
8
14
3
1
1
7
60
112
128
192
64
64
195
198
156
208
96
32
0
128
128
128
128
128
128
0
0
0
0
0
0
0
64
128
16
96
128
192
48
0
0
96
128
128
128
128
96
0
0
0
41
55
54
54
55
54
55
41
98
97
99
98
99
98
98
98
98
99
99
97
98
99
98
98
98
98
98
98
99
98
97
97
33
41
41
41
41
41
41
33
33
35
33
33
98
98
33
33
35
33
33
33
35
33
33
33
33
99
98
33
33
35
33
33